13.219054228984717269668181 0.430194752356605758514263 5.070805549621582031250000 0.000000000000000000000000 3.981489181518554687500000 0.527499999999999968913755 0.000000000000000000000000 0.472499999999999975575093 1.000000000000000000000000 0.022372745490981962857013 0.000000000000000000000000 0.012693386773547093646086 0.001942284569138276722339 0.000000000000000000000000 0.002154308617234469008794 0.087054509775172581043101 0.141073549227556660490279
8.336027612321844415532723 0.378751644605231307938453 3.437704324722290039062500 0.000000000000000000000000 4.490206718444824218750000 0.508750000000000035527137 0.000000000000000000000000 0.491250000000000019984014 0.000000000000000000000000 0.007300601202404809371427 0.000000000000000000000000 0.020713426853707417318873 0.001306212424849699646132 0.000000000000000000000000 0.001684168336673346963450 0.321310396423561461798357 0.121736524564054773844823
2.108896281456489774086549 0.397063819654275340642613 3.479954719543457031250000 42.934860229492187500000000 5.967872619628906250000000 0.156250000000000000000000 0.289999999999999980015986 0.553749999999999964472863 0.000000000000000000000000 0.019883767535070137610909 0.000988176352705410782767 0.022188376753507016436728 0.002108216432865731536361 0.000172444889779559118719 0.001661122244488978227234 0.093330188852226894646869 0.148129901178688655472016
1.527226357759677854986080 0.542369729642037667893817 6.005880832672119140625000 45.232692718505859375000000 4.098650932312011718750000 0.123749999999999998889777 0.390000000000000013322676 0.486250000000000015543122 0.000000000000000000000000 0.020390781563126250675033 0.001937675350701402411310 0.018040080160320638713589 0.001315430861723446967146 0.000198597194388777572313 0.001674949899799599425596 0.018439700657754957979773 0.092165338827940215815637
12.376942837421303522660310 0.520572993942331585515149 4.370979309082031250000000 20.333129882812500000000000 2.863389492034912109375000 0.135000000000000008881784 0.298750000000000015543122 0.566250000000000031086245 0.000000000000000000000000 0.011587174348697394307695 0.000296793587174348696273 0.005779559118236472781138 0.002463126252505010334304 0.000059719438877755516776 0.000269138276553106245339 0.720661361022951751920118 0.128759530149405915233629
3.905852627916510222405577 0.348575632913173116822492 4.310478687286376953125000 41.083690643310546875000000 5.410714149475097656250000 0.397500000000000019984014 0.156250000000000000000000 0.446249999999999980015986 0.000000000000000000000000 0.004903807615230460804912 0.002306412825651302407615 0.011126252505010019583365 0.000421242484969939915210 0.000226102204408817642487 0.001850100200400801777473 0.160937008087785271559511 0.072667806323820513525469
8.911364164817682009811506 0.392703772230279579691370 4.744830131530761718750000 39.377769470214843750000000 3.705220937728881835937500 0.372499999999999997779554 0.338749999999999995559108 0.288750000000000006661338 0.000000000000000000000000 0.008176352705410821347654 0.002163527054108216329809 0.005410821643286573001674 0.001942284569138276722339 0.000119689378757515042144 0.001513627254509018272080 0.455704007366528829336971 0.025488477069653896200929
11.798277697949359321683005 0.530674739141218654303600 3.988191366195678710937500 58.081741333007812500000000 3.830917119979858398437500 0.297499999999999986677324 0.409999999999999975575093 0.292499999999999982236432 0.000000000000000000000000 0.011034068136272544638499 0.002145090180360721687780 0.009881763527054108695036 0.001767134268537074370461 0.000239178356713426909941 0.001223246492985972022280 0.553816994963971631626976 0.033725691087726807071423
10.145930204159272491892807 0.346427686870107831573762 5.426805973052978515625000 44.852149963378906250000000 5.811344623565673828125000 0.451249999999999984456878 0.426250000000000017763568 0.122499999999999997779554 0.000000000000000000000000 0.015873747494989980111324 0.001296993987975951891436 0.006194388777555110033035 0.001117234468937875879052 0.000067835671342685385657 0.000647094188376753508447 0.924779513025979493789919 0.124369944695406339785215
13.469820667335845598699962 0.577101311598913646605524 4.191785812377929687500000 44.069534301757812500000000 4.092255592346191406250000 0.231250000000000011102230 0.429999999999999993338662 0.338749999999999995559108 0.000000000000000000000000 0.007715430861723446623324 0.001172545090180360672499 0.004120240480961923773551 0.001780961923847695568823 0.000094438877755511022190 0.000476553106212424925497 0.082659154144605423431003 0.081363843143415132130869
11.127161284211997127613358 0.400304120041854560874128 4.903712272644042968750000 47.317096710205078125000000 3.926089286804199218750000 0.231250000000000011102230 0.418750000000000011102230 0.349999999999999977795540 0.000000000000000000000000 0.020252505010020037390372 0.001094188376753506925995 0.014122244488977956158871 0.001412224448897795789359 0.000239629258517034052223 0.002287975951903807765586 0.371114260019628605657971 0.113749178363714273376495
7.089047693332705790680848 0.521962152377456023444324 2.686614036560058593750000 32.868881225585937500000000 4.498310565948486328125000 0.597500000000000031086245 0.238749999999999990007993 0.163750000000000006661338 0.000000000000000000000000 0.020022044088176350895569 0.002283366733466933671398 0.012048096192384769032024 0.002255711422845691708355 0.000194989979959919837752 0.000988176352705410999608 0.635794659605976364424862 0.068421094629707912559979
10.642418031200508110600822 0.452714461674860735307391 5.543931961059570312500000 37.163055419921875000000000 4.165506839752197265625000 0.170000000000000012212453 0.143749999999999988897770 0.686250000000000026645353 0.000000000000000000000000 0.003382765531062124214623 0.000863727454909819563830 0.020114228456913824105712 0.000250701402805611223840 0.000203106212424849699857 0.001914629258517034325615 0.157114358861919545251595 0.043935132640567468864656
2.629384029817210421953178 0.537851102019196614101304 3.738794803619384765625000 59.495121002197265625000000 3.177346944808959960937500 0.446249999999999980015986 0.141249999999999986677324 0.412499999999999977795540 0.000000000000000000000000 0.023663326653306615554584 0.001287775551102204353582 0.016334669338677353100930 0.001043486973947895793055 0.000179208416833667337140 0.002311022044088176501803 0.515466429346847720971425 0.108810542670347842886258
7.393155214849441492219739 0.582865541901686601278243 4.716576099395751953125000 59.658386230468750000000000 5.556298732757568359375000 0.275000000000000022204460 0.547499999999999986677324 0.177499999999999991118216 0.000000000000000000000000 0.021404809619238476803282 0.002205010020040080141734 0.012370741482965930471694 0.001532064128256513130949 0.000135020040080160319161 0.002228056112224449311632 0.215442113556287145881285 0.064916044094437297395928
6.077156240627211936100593 0.338982136529136501845727 4.695783138275146484375000 37.753795623779296875000000 5.474113941192626953125000 0.387500000000000011102230 0.265000000000000013322676 0.347499999999999975575093 0.000000000000000000000000 0.014260521042084167708808 0.002251102204408817614167 0.021220440881763523444103 0.001573547094188376942875 0.000102104208416833660699 0.002006813627254509270481 0.010845464384322590217780 0.004603735863200112375659
4.277019128907236122927316 0.590070117589879705732869 4.871120929718017578125000 57.772621154785156250000000 3.490007638931274414062500 0.496250000000000024424907 0.196250000000000007771561 0.307499999999999995559108 0.000000000000000000000000 0.008775551102204407621921 0.000564128256513025993016 0.014122244488977956158871 0.000453507014028056189281 0.000086773547094188383682 0.000384368737474949926421 0.902443270357447091534198 0.015332768546968932044106
10.499732286746755960393784 0.342791077353733708577010 3.106961488723754882812500 36.598590850830078125000000 4.757499694824218750000000 0.563749999999999973354647 0.182499999999999995559108 0.253749999999999975575093 0.000000000000000000000000 0.015458917835671341992065 0.000651703406813627277375 0.019330661322645291411160 0.001951503006012024260193 0.000199048096192384795910 0.001965330661322645458555 0.338036016886340440201764 0.125612648974547436164784
9.739494366332218433512935 0.445427688935298937700225 4.869493007659912109375000 61.541664123535156250000000 4.462141036987304687500000 0.292499999999999982236432 0.136250000000000009992007 0.571250000000000035527137 0.000000000000000000000000 0.019192384769539078126499 0.001140280561122244398428 0.008268537074148296292520 0.001785571142284569229330 0.000226553106212424866083 0.002370941883767535389438 0.802467380722136525150745 0.031438025715172429608302
11.198147513262222574326188 0.555419456663969413057202 5.834029197692871093750000 40.931541442871093750000000 5.335515975952148437500000 0.541250000000000008881784 0.193750000000000005551115 0.265000000000000013322676 0.000000000000000000000000 0.006517034068136272340066 0.001573547094188376726034 0.012278557114228457261551 0.001974549098196392779569 0.000048446893787575150483 0.000868336673346693441178 0.105864004582583409730390 0.075918619465429923454103
